------------------------------------------------------ 
:: Load Greens Functions | CE Reference Frame 
:: Computed at 11:01AM on February 13, 2020
------------------------------------------------------ 
theta | radial displacement (m/kg) | horizontal disp (m/kg) | r-disp*(a*th*10^12) | h-disp*(a*th*10^12) | gE*(10^18*(a*th)) | tE*(10^12*(a*th)^2) | e_rr*(10^18*(a*th)) | e_tt*(10^12*(a*th)^2) | e_ll*(10^12*(a*th)^2) | gN*(10^18*(a*th)) | tN*(10^12*(a*th)^2) 
0.01486 -2.3642e-14 -7.7253e-15 -3.9057e+01 -1.2762e+01 -9.4539e+01 4.2149e+01 -3.3222e+01 1.2913e+01 -1.2773e+01 -5.2362e+00 6.7952e+00
0.02689 -1.2237e-14 -4.2085e-15 -3.6583e+01 -1.2582e+01 -8.8674e+01 4.2016e+01 -6.2601e+01 1.3078e+01 -1.2599e+01 -5.2362e+00 6.7952e+00
0.05030 -5.7302e-15 -2.1403e-15 -3.2052e+01 -1.1972e+01 -7.7891e+01 4.1250e+01 -1.0971e+02 1.3569e+01 -1.2000e+01 -5.2362e+00 6.7952e+00
0.05361 -5.2757e-15 -1.9898e-15 -3.1452e+01 -1.1862e+01 -7.6457e+01 4.1073e+01 -1.1499e+02 1.3644e+01 -1.1892e+01 -5.2362e+00 6.7952e+00
0.05602 -4.9801e-15 -1.8911e-15 -3.1022e+01 -1.1780e+01 -7.5429e+01 4.0934e+01 -1.1859e+02 1.3698e+01 -1.1810e+01 -5.2362e+00 6.7952e+00
0.05900 -4.6493e-15 -1.7796e-15 -3.0499e+01 -1.1674e+01 -7.4179e+01 4.0748e+01 -1.2276e+02 1.3765e+01 -1.1706e+01 -5.2362e+00 6.7952e+00
0.07128 -3.5894e-15 -1.4141e-15 -2.8448e+01 -1.1208e+01 -6.9254e+01 3.9823e+01 -1.3662e+02 1.4011e+01 -1.1243e+01 -5.2362e+00 6.7952e+00
0.07721 -3.2056e-15 -1.2774e-15 -2.7521e+01 -1.0967e+01 -6.7019e+01 3.9289e+01 -1.4138e+02 1.4107e+01 -1.1004e+01 -5.2362e+00 6.7952e+00
0.07919 -3.0911e-15 -1.2361e-15 -2.7220e+01 -1.0885e+01 -6.6293e+01 3.9098e+01 -1.4269e+02 1.4135e+01 -1.0923e+01 -5.2362e+00 6.7952e+00
0.07927 -3.0869e-15 -1.2346e-15 -2.7209e+01 -1.0882e+01 -6.6266e+01 3.9091e+01 -1.4274e+02 1.4136e+01 -1.0920e+01 -5.2362e+00 6.7952e+00
0.09254 -2.4613e-15 -1.0030e-15 -2.5326e+01 -1.0320e+01 -6.1698e+01 3.7672e+01 -1.4806e+02 1.4255e+01 -1.0361e+01 -5.2362e+00 6.7952e+00
0.09302 -2.4421e-15 -9.9565e-16 -2.5260e+01 -1.0299e+01 -6.1539e+01 3.7616e+01 -1.4815e+02 1.4257e+01 -1.0340e+01 -5.2362e+00 6.7952e+00
0.09997 -2.1919e-15 -8.9956e-16 -2.4366e+01 -9.9996e+00 -5.9356e+01 3.6783e+01 -1.4861e+02 1.4265e+01 -1.0042e+01 -5.2362e+00 6.7952e+00
0.14826 -1.1953e-15 -4.8879e-16 -1.9705e+01 -8.0580e+00 -4.7732e+01 3.0210e+01 -1.2203e+02 1.3251e+01 -8.1090e+00 -5.2362e+00 6.7952e+00
0.15567 -1.1093e-15 -4.5077e-16 -1.9203e+01 -7.8029e+00 -4.6439e+01 2.9196e+01 -1.1519e+02 1.2952e+01 -7.8550e+00 -5.2362e+00 6.7952e+00
0.20178 -7.5848e-16 -2.9227e-16 -1.7018e+01 -6.5577e+00 -4.0597e+01 2.3664e+01 -7.0736e+01 1.0675e+01 -6.6176e+00 -5.2362e+00 6.7952e+00
